Experiment name=allInstancesSOPE
Packing method=SGCKS
Ferry shape=Rectangle
Parameter experiment=2
Use recommended parameters=true
Number of lanes=8
Class and instance numbers=5,1;5,2;5,3;5,4;5,5;5,6;5,7;5,8;5,9;5,10;5,11;5,12;5,13;5,14;5,15;5,16;5,17;5,18;5,19;5,20;5,21;5,22;5,23;5,24;5,25;5,26;5,27;5,28;5,29;5,30;5,31;5,32;5,33;5,34;5,35;5,36;5,37;5,38;5,39;5,40;5,41;5,42;5,43;5,44;5,45;5,46;5,47;5,48;5,49;5,50;5,51;5,52;5,53;5,54;5,55;5,56;5,57;5,58;5,59;5,60;5,61;5,62;5,63;5,64;5,65;5,66;5,67;5,68;5,69;5,70;5,71;5,72;5,73;5,74;5,75;5,76;5,77;5,78;5,79;5,80;5,81;5,82;5,83;5,84;5,85;5,86;5,87;5,88;5,89;5,90;5,91;5,92;5,93;5,94;5,95;5,96;5,97;5,98;5,99;5,100;6,1;6,2;6,3;6,4;6,5;6,6;6,7;6,8;6,9;6,10;6,11;6,12;6,13;6,14;6,15;6,16;6,17;6,18;6,19;6,20;6,21;6,22;6,23;6,24;6,25;6,26;6,27;6,28;6,29;6,30;6,31;6,32;6,33;6,34;6,35;6,36;6,37;6,38;6,39;6,40;6,41;6,42;6,43;6,44;6,45;6,46;6,47;6,48;6,49;6,50;6,51;6,52;6,53;6,54;6,55;6,56;6,57;6,58;6,59;6,60;6,61;6,62;6,63;6,64;6,65;6,66;6,67;6,68;6,69;6,70;6,71;6,72;6,73;6,74;6,75;6,76;6,77;6,78;6,79;6,80;6,81;6,82;6,83;6,84;6,85;6,86;6,87;6,88;6,89;6,90;6,91;6,92;6,93;6,94;6,95;6,96;6,97;6,98;6,99;6,100;7,1;7,2;7,3;7,4;7,5;7,6;7,7;7,8;7,9;7,10;7,11;7,12;7,13;7,14;7,15;7,16;7,17;7,18;7,19;7,20;7,21;7,22;7,23;7,24;7,25;7,26;7,27;7,28;7,29;7,30;7,31;7,32;7,33;7,34;7,35;7,36;7,37;7,38;7,39;7,40;7,41;7,42;7,43;7,44;7,45;7,46;7,47;7,48;7,49;7,50;7,51;7,52;7,53;7,54;7,55;7,56;7,57;7,58;7,59;7,60;7,61;7,62;7,63;7,64;7,65;7,66;7,67;7,68;7,69;7,70;7,71;7,72;7,73;7,74;7,75;7,76;7,77;7,78;7,79;7,80;7,81;7,82;7,83;7,84;7,85;7,86;7,87;7,88;7,89;7,90;7,91;7,92;7,93;7,94;7,95;7,96;7,97;7,98;7,99;7,100;
Numbers of arrival scenarios=1
Arrival scenario seeds=34
Subset sizes=1
Intersection objective weight=0.5
Iterations sub-iterations=30,500,500;
T0s=0.32
Triangular distribution mutation=true
Visualise=true
Commit intersection vehicles=false
Objective functions=1
levels of VMC relaxation=0
Best known solution as input=false
performLocalSearchFinishingTouch=false
useFCFSYardPolicy=false
testTrainingSetSolutionOnTestSet=false