0expNameNumber 1ferry1 2nLanes 3class 4classInst 5obj 6break_ties 7expNum 8nArrivalScenarios initialArrivalScenSeed triangularDistMutation 9moduloScenarios 10YardPolicyType 11subsetSize 12packObjWeight bigIterations smallIterationsPack smallIterationsYard T0 neighbPar0 neighbPar1 neighbPar2 neighbPar3 neighbPar4 commitIntersectionVMix levelOfVMIRelaxation useFCFSYardPolicy 13averageRevenue firstStageSolutionTime 14commitedVArea 15averagePackedVArea 16commitedUtilisation 17averageUtilisation 18min 19q1 20q2 21q3 22max 23solTime 24recourseRate 25successfulRecoveryRate 26aveRecourseAttempts 27rateInitialSolFeas 28rateInitialSGCKSFeas 29successfulRecoveryRate copyOfCommitedIntersectionObj expectedRevenue 30prevExpTime
resultsData=[1 0 1 7 33 1 0 1 1 34 0 0 0 1 0.5 30 500 500 0.32 0.0 0.0 0.5 0.5 1.0 0 0 false 61214.970017852575 54984.29502526078 54984.29502526055 7762
1 0 1 7 33 1 0 2 1 34 0 0 0 1 0.5 30 500 500 0.32 0.0 0.0 0.5 0.5 1.0 0 0 true 61214.970017852575 53572.51066138041 53572.51066138019 8701
1 0 2 7 33 1 0 3 1 34 0 0 0 1 0.5 30 500 500 0.32 0.0 0.0 0.5 0.5 1.0 0 0 false 61214.970017852575 56490.198346733174 56490.19834673295 5942
1 0 2 7 33 1 0 4 1 34 0 0 0 1 0.5 30 500 500 0.32 0.0 0.0 0.5 0.5 1.0 0 0 true 61214.970017852575 55341.947064110456 55341.94706411025 7777
1 0 3 7 33 1 0 5 1 34 0 0 0 1 0.5 30 500 500 0.32 0.0 0.0 0.5 0.5 1.0 0 0 false 61214.970017852575 57657.27342087428 57657.27342087404 4934
1 0 3 7 33 1 0 6 1 34 0 0 0 1 0.5 30 500 500 0.32 0.0 0.0 0.5 0.5 1.0 0 0 true 61214.970017852575 56979.61692621169 56979.61692621148 7486
1 0 4 7 33 1 0 7 1 34 0 0 0 1 0.5 30 500 500 0.32 0.0 0.0 0.5 0.5 1.0 0 0 false 61214.970017852575 58974.93882716262 58974.938827162405 3634
1 0 4 7 33 1 0 8 1 34 0 0 0 1 0.5 30 500 500 0.32 0.0 0.0 0.5 0.5 1.0 0 0 true 61214.970017852575 58485.52024768409 58485.52024768386 6471
1 0 5 7 33 1 0 9 1 34 0 0 0 1 0.5 30 500 500 0.32 0.0 0.0 0.5 0.5 1.0 0 0 false 61214.970017852575 59106.70536779145 59106.70536779121 3484
1 0 5 7 33 1 0 10 1 34 0 0 0 1 0.5 30 500 500 0.32 0.0 0.0 0.5 0.5 1.0 0 0 true 61214.970017852575 56829.02659406446 56829.02659406424 5721
1 0 6 7 33 1 0 11 1 34 0 0 0 1 0.5 30 500 500 0.32 0.0 0.0 0.5 0.5 1.0 0 0 false 61214.970017852575 58786.70091197857 58786.70091197835 3176
1 0 6 7 33 1 0 12 1 34 0 0 0 1 0.5 30 500 500 0.32 0.0 0.0 0.5 0.5 1.0 0 0 true 61214.970017852575 58523.16783072091 58523.16783072066 5085
1 0 7 7 33 1 0 13 1 34 0 0 0 1 0.5 30 500 500 0.32 0.0 0.0 0.5 0.5 1.0 0 0 false 61214.970017852575 58654.93437134974 58654.9343713495 3414
1 0 7 7 33 1 0 14 1 34 0 0 0 1 0.5 30 500 500 0.32 0.0 0.0 0.5 0.5 1.0 0 0 true 61214.970017852575 58974.93882716262 58974.93882716239 4814
1 0 8 7 33 1 0 15 1 34 0 0 0 1 0.5 30 500 500 0.32 0.0 0.0 0.5 0.5 1.0 0 0 false 61214.970017852575 58767.87712046016 58767.87712045994 3776
1 0 8 7 33 1 0 16 1 34 0 0 0 1 0.5 30 500 500 0.32 0.0 0.0 0.5 0.5 1.0 0 0 true 61214.970017852575 59633.77153030679 59633.77153030656 4985
1 0 9 7 33 1 0 17 1 34 0 0 0 1 0.5 30 500 500 0.32 0.0 0.0 0.5 0.5 1.0 0 0 false 61214.970017852575 58937.29124412581 58937.291244125605 3102
1 0 9 7 33 1 0 18 1 34 0 0 0 1 0.5 30 500 500 0.32 0.0 0.0 0.5 0.5 1.0 0 0 true 61214.970017852575 59238.47190842029 59238.47190842006 4601
1 0 10 7 33 1 0 19 1 34 0 0 0 1 0.5 30 500 500 0.32 0.0 0.0 0.5 0.5 1.0 0 0 false 61214.970017852575 58974.93882716262 58974.93882716239 3551
1 0 10 7 33 1 0 20 1 34 0 0 0 1 0.5 30 500 500 0.32 0.0 0.0 0.5 0.5 1.0 0 0 true 61214.970017852575 58974.93882716262 58974.93882716239 5224
1 0 11 7 33 1 0 21 1 34 0 0 0 1 0.5 30 500 500 0.32 0.0 0.0 0.5 0.5 1.0 0 0 false 61214.970017852575 59106.70536779145 59106.705367791204 3248
1 0 11 7 33 1 0 22 1 34 0 0 0 1 0.5 30 500 500 0.32 0.0 0.0 0.5 0.5 1.0 0 0 true 61214.970017852575 58974.93882716262 58974.93882716239 4608
1 0 12 7 33 1 0 23 1 34 0 0 0 1 0.5 30 500 500 0.32 0.0 0.0 0.5 0.5 1.0 0 0 false 61214.970017852575 59633.771530306796 59633.77153030654 3252
1 0 12 7 33 1 0 24 1 34 0 0 0 1 0.5 30 500 500 0.32 0.0 0.0 0.5 0.5 1.0 0 0 true 61214.970017852575 58974.93882716262 58974.93882716239 4633
1 0 13 7 33 1 0 25 1 34 0 0 0 1 0.5 30 500 500 0.32 0.0 0.0 0.5 0.5 1.0 0 0 false 61214.970017852575 59407.88603208594 59407.88603208569 3224
1 0 13 7 33 1 0 26 1 34 0 0 0 1 0.5 30 500 500 0.32 0.0 0.0 0.5 0.5 1.0 0 0 true 61214.970017852575 58974.93882716262 58974.938827162376 4829
1 0 14 7 33 1 0 27 1 34 0 0 0 1 0.5 30 500 500 0.32 0.0 0.0 0.5 0.5 1.0 0 0 false 61214.970017852575 58974.93882716262 58974.938827162405 3394
1 0 14 7 33 1 0 28 1 34 0 0 0 1 0.5 30 500 500 0.32 0.0 0.0 0.5 0.5 1.0 0 0 true 61214.970017852575 58974.93882716262 58974.93882716237 5033
1 0 15 7 33 1 0 29 1 34 0 0 0 1 0.5 30 500 500 0.32 0.0 0.0 0.5 0.5 1.0 0 0 false 61214.970017852575 59106.70536779145 59106.70536779122 3261
1 0 15 7 33 1 0 30 1 34 0 0 0 1 0.5 30 500 500 0.32 0.0 0.0 0.5 0.5 1.0 0 0 true 61214.970017852575 58974.93882716262 58974.938827162405 5040
1 0 16 7 33 1 0 31 1 34 0 0 0 1 0.5 30 500 500 0.32 0.0 0.0 0.5 0.5 1.0 0 0 false 61214.970017852575 59106.70536779145 59106.70536779124 3533
1 0 16 7 33 1 0 32 1 34 0 0 0 1 0.5 30 500 500 0.32 0.0 0.0 0.5 0.5 1.0 0 0 true 61214.970017852575 58523.1678307209 58523.167830720675 4810
1 0 17 7 33 1 0 33 1 34 0 0 0 1 0.5 30 500 500 0.32 0.0 0.0 0.5 0.5 1.0 0 0 false 61214.970017852575 58937.29124412581 58937.291244125576 3160
1 0 17 7 33 1 0 34 1 34 0 0 0 1 0.5 30 500 500 0.32 0.0 0.0 0.5 0.5 1.0 0 0 true 61214.970017852575 59238.47190842029 59238.47190842006 4408
1 0 18 7 33 1 0 35 1 34 0 0 0 1 0.5 30 500 500 0.32 0.0 0.0 0.5 0.5 1.0 0 0 false 61214.970017852575 58974.93882716262 58974.93882716239 3252
1 0 18 7 33 1 0 36 1 34 0 0 0 1 0.5 30 500 500 0.32 0.0 0.0 0.5 0.5 1.0 0 0 true 61214.970017852575 59238.47190842029 59238.47190842006 4367
1 0 19 7 33 1 0 37 1 34 0 0 0 1 0.5 30 500 500 0.32 0.0 0.0 0.5 0.5 1.0 0 0 false 61214.970017852575 59520.82878119636 59520.82878119614 3067
1 0 19 7 33 1 0 38 1 34 0 0 0 1 0.5 30 500 500 0.32 0.0 0.0 0.5 0.5 1.0 0 0 true 61214.970017852575 59106.70536779145 59106.70536779123 4282
1 0 20 7 33 1 0 39 1 34 0 0 0 1 0.5 30 500 500 0.32 0.0 0.0 0.5 0.5 1.0 0 0 false 61214.970017852575 59106.70536779145 59106.705367791204 3220
1 0 20 7 33 1 0 40 1 34 0 0 0 1 0.5 30 500 500 0.32 0.0 0.0 0.5 0.5 1.0 0 0 true 61214.970017852575 59106.70536779145 59106.70536779123 4459
1 0 21 7 33 1 0 41 1 34 0 0 0 1 0.5 30 500 500 0.32 0.0 0.0 0.5 0.5 1.0 0 0 false 61214.970017852575 59313.76707449391 59313.76707449368 3300
1 0 21 7 33 1 0 42 1 34 0 0 0 1 0.5 30 500 500 0.32 0.0 0.0 0.5 0.5 1.0 0 0 true 61214.970017852575 59106.70536779145 59106.70536779121 4481
1 0 22 7 33 1 0 43 1 34 0 0 0 1 0.5 30 500 500 0.32 0.0 0.0 0.5 0.5 1.0 0 0 false 61214.970017852575 59257.295699938695 59257.29569993846 3177
1 0 22 7 33 1 0 44 1 34 0 0 0 1 0.5 30 500 500 0.32 0.0 0.0 0.5 0.5 1.0 0 0 true 61214.970017852575 58974.93882716262 58974.93882716239 4671
1 0 23 7 33 1 0 45 1 34 0 0 0 1 0.5 30 500 500 0.32 0.0 0.0 0.5 0.5 1.0 0 0 false 61214.970017852575 59257.295699938695 59257.29569993847 3399
1 0 23 7 33 1 0 46 1 34 0 0 0 1 0.5 30 500 500 0.32 0.0 0.0 0.5 0.5 1.0 0 0 true 61214.970017852575 58974.93882716262 58974.93882716237 4507
1 0 24 7 33 1 0 47 1 34 0 0 0 1 0.5 30 500 500 0.32 0.0 0.0 0.5 0.5 1.0 0 0 false 61214.970017852575 59351.41465753072 59351.41465753048 3202
1 0 24 7 33 1 0 48 1 34 0 0 0 1 0.5 30 500 500 0.32 0.0 0.0 0.5 0.5 1.0 0 0 true 61214.970017852575 58974.93882716262 58974.938827162376 4328
1 0 25 7 33 1 0 49 1 34 0 0 0 1 0.5 30 500 500 0.32 0.0 0.0 0.5 0.5 1.0 0 0 false 61214.970017852575 59520.82878119637 59520.82878119613 3228
1 0 25 7 33 1 0 50 1 34 0 0 0 1 0.5 30 500 500 0.32 0.0 0.0 0.5 0.5 1.0 0 0 true 61214.970017852575 58899.643661089 58899.643661088776 4225
