0expNameNumber 1ferry1 2nLanes 3class 4classInst 5obj 6break_ties 7expNum 8nArrivalScenarios initialArrivalScenSeed triangularDistMutation 9moduloScenarios 10YardPolicyType 11subsetSize 12packObjWeight bigIterations smallIterationsPack smallIterationsYard T0 neighbPar0 neighbPar1 neighbPar2 neighbPar3 neighbPar4 commitIntersectionVMix 13averageRevenue 14commitedVArea 15averagePackedVArea 16commitedUtilisation 17averageUtilisation 18min 19q1 20q2 21q3 22max 23solTime 24recourseRate 25successfulRecoveryRate 26aveRecourseAttempts 27rateInitialSolFeas 28rateInitialSGCKSFeas 29successfulRecoveryRate 30prevExpTime
resultsData=[1 0 8 5 1 1 0 0 1 34 0 0 0 1 0.5 30 500 500 0.32 1.0 1.0 1.0 1.0 1.0 0 0.8099207122852818
1 0 8 5 2 1 0 1 1 34 0 0 0 1 0.5 30 500 500 0.32 1.0 1.0 1.0 1.0 1.0 0 0.9456788507254804
1 0 8 5 3 1 0 2 1 34 0 0 0 1 0.5 30 500 500 0.32 0.333 0.666 0.666 1.0 0.9999999999999999 0 0.9134362928459332
1 0 8 5 4 1 0 3 1 34 0 0 0 1 0.5 30 500 500 0.32 0.5 0.5 0.5 0.5 1.0 0 0.9302517895390945
1 0 8 5 5 1 0 4 1 34 0 0 0 1 0.5 30 500 500 0.32 0.5 0.5 1.0 1.0 1.0 0 0.902020267568007
1 0 8 5 6 1 0 5 1 34 0 0 0 1 0.5 30 500 500 0.32 1.0 1.0 1.0 1.0 1.0 0 0.8847604715126779
1 0 8 5 7 1 0 6 1 34 1 0 0 1 0.5 30 500 500 0.32 0.333 0.333 0.666 0.666 1.0 0 0.9162131638594838
1 0 8 5 8 1 0 7 1 34 0 0 0 1 0.5 30 500 500 0.32 0.0 0.0 1.0 1.0 1.0 0 0.8459696613840826
1 0 8 5 9 1 0 8 1 34 1 0 0 1 0.5 30 500 500 0.32 0.0 0.333 0.666 1.0 0.9999999999999999 0 0.8570503842096919
1 0 8 5 10 1 0 9 1 34 0 0 0 1 0.5 30 500 500 0.32 0.25 0.5 0.5 0.75 1.0 0 0.8342611866015806
1 0 8 5 11 1 0 10 1 34 1 0 0 1 0.5 30 500 500 0.32 0.5 0.5 1.0 1.0 1.0 0 0.9008910066891637
1 0 8 5 12 1 0 11 1 34 0 0 0 1 0.5 30 500 500 0.32 0.333 0.666 0.666 0.666 1.0 0 0.8654173337167717
1 0 8 5 13 1 0 12 1 34 1 0 0 1 0.5 30 500 500 0.32 0.0 1.0 1.0 1.0 1.0 0 0.8720146335604867
1 0 8 5 14 1 0 13 1 34 0 0 0 1 0.5 30 500 500 0.32 0.333 0.333 0.333 0.666 1.0 0 0.828911515890109
1 0 8 5 15 1 0 14 1 34 0 0 0 1 0.5 30 500 500 0.32 0.0 0.333 0.666 1.0 0.9999999999999999 0 0.8096405064800597
1 0 8 5 16 1 0 15 1 34 1 0 0 1 0.5 30 500 500 0.32 0.5 0.5 1.0 1.0 1.0 0 0.820300039051482
1 0 8 5 17 1 0 16 1 34 1 0 0 1 0.5 30 500 500 0.32 0.5 0.5 0.5 1.0 1.0 0 0.8238918445722028
1 0 8 5 18 1 0 17 1 34 0 0 0 1 0.5 30 500 500 0.32 0.333 0.333 0.666 1.0 0.9999999999999999 0 0.8267495541870818
1 0 8 5 19 1 0 18 1 34 0 0 0 1 0.5 30 500 500 0.32 0.5 0.5 1.0 1.0 1.0 0 0.8438945292535237
1 0 8 5 20 1 0 19 1 34 0 0 0 1 0.5 30 500 500 0.32 0.0 0.333 0.666 1.0 0.9999999999999999 0 0.8192470331531956
1 0 8 5 21 1 0 20 1 34 0 0 0 1 0.5 30 500 500 0.32 0.0 1.0 1.0 1.0 1.0 0 0.8379362553997588
1 0 8 5 22 1 0 21 1 34 1 0 0 1 0.5 30 500 500 0.32 0.0 0.5 0.5 1.0 1.0 0 0.8185136903120933
1 0 8 5 23 1 0 22 1 34 1 0 0 1 0.5 30 500 500 0.32 1.0 1.0 1.0 1.0 1.0 0 0.8401909012676936
1 0 8 5 24 1 0 23 1 34 0 0 0 1 0.5 30 500 500 0.32 0.333 0.333 0.666 1.0 0.9999999999999999 0 0.8421437311648386
1 0 8 5 25 1 0 24 1 34 0 0 0 1 0.5 30 500 500 0.32 0.333 0.666 0.666 1.0 0.9999999999999999 0 0.8095093239869782
1 0 8 5 26 1 0 25 1 34 0 0 0 1 0.5 30 500 500 0.32 0.333 0.333 0.333 0.666 1.0 0 0.8408636945304875
1 0 8 5 27 1 0 26 1 34 1 0 0 1 0.5 30 500 500 0.32 0.0 1.0 1.0 1.0 1.0 0 0.8352019229099543
1 0 8 5 28 1 0 27 1 34 0 0 0 1 0.5 30 500 500 0.32 0.333 0.333 0.333 0.666 1.0 0 0.8127851937697664
1 0 8 5 29 1 0 28 1 34 1 0 0 1 0.5 30 500 500 0.32 0.5 0.5 1.0 1.0 1.0 0 0.8265646222774922
1 0 8 5 30 1 0 29 1 34 1 0 0 1 0.5 30 500 500 0.32 0.0 1.0 1.0 1.0 1.0 0 0.8139244107092308
1 0 8 5 31 1 0 30 1 34 1 0 0 1 0.5 30 500 500 0.32 0.333 0.333 0.666 0.666 1.0 0 0.8311524623607324
1 0 8 5 32 1 0 31 1 34 0 0 0 1 0.5 30 500 500 0.32 0.25 0.25 0.5 0.75 1.0 0 0.8191686013677516
1 0 8 5 33 1 0 32 1 34 1 0 0 1 0.5 30 500 500 0.32 0.0 0.333 0.333 0.666 1.0 0 0.8256177470424296
1 0 8 5 34 1 0 33 1 34 1 0 0 1 0.5 30 500 500 0.32 0.0 0.25 0.5 0.75 1.0 0 0.82682503145194
1 0 8 5 35 1 0 34 1 34 0 0 0 1 0.5 30 500 500 0.32 0.333 0.666 1.0 0.9999999999999999 0.9999999999999998 0 0.8226760627021917
1 0 8 5 36 1 0 35 1 34 0 0 0 1 0.5 30 500 500 0.32 0.0 1.0 1.0 1.0 1.0 0 0.8169922252627344
1 0 8 5 37 1 0 36 1 34 1 0 0 1 0.5 30 500 500 0.32 0.0 0.25 0.5 0.75 1.0 0 0.8124233244332958
1 0 8 5 38 1 0 37 1 34 0 0 0 1 0.5 30 500 500 0.32 0.333 0.333 0.666 0.666 1.0 0 0.8159858349089025
1 0 8 5 39 1 0 38 1 34 1 0 0 1 0.5 30 500 500 0.32 0.333 0.666 0.666 1.0 0.9999999999999999 0 0.8168906670761394
1 0 8 5 40 1 0 39 1 34 0 0 0 1 0.5 30 500 500 0.32 0.0 0.333 0.666 1.0 0.9999999999999999 0 0.8151306164595086
1 0 8 5 41 1 0 40 1 34 0 0 0 1 0.5 30 500 500 0.32 0.333 0.666 0.666 1.0 0.9999999999999999 0 0.8170356729044431
1 0 8 5 42 1 0 41 1 34 1 0 0 1 0.5 30 500 500 0.32 0.0 1.0 1.0 1.0 1.0 0 0.823398695985193
1 0 8 5 43 1 0 42 1 34 0 0 0 1 0.5 30 500 500 0.32 0.0 0.333 0.666 0.666 1.0 0 0.8152435731245573
1 0 8 5 44 1 0 43 1 34 0 0 0 1 0.5 30 500 500 0.32 1.0 1.0 1.0 1.0 1.0 0 0.8190799979689979
1 0 8 5 45 1 0 44 1 34 1 0 0 1 0.5 30 500 500 0.32 0.333 0.333 0.666 1.0 0.9999999999999999 0 0.814652102703685
1 0 8 5 46 1 0 45 1 34 0 0 0 1 0.5 30 500 500 0.32 0.25 0.5 0.5 0.75 1.0 0 0.8275720128711626
1 0 8 5 47 1 0 46 1 34 0 0 0 1 0.5 30 500 500 0.32 0.0 1.0 1.0 1.0 1.0 0 0.8116173973889189
1 0 8 5 48 1 0 47 1 34 1 0 0 1 0.5 30 500 500 0.32 0.5 0.5 0.5 0.5 1.0 0 0.836696056561496
1 0 8 5 49 1 0 48 1 34 0 0 0 1 0.5 30 500 500 0.32 0.0 1.0 1.0 1.0 1.0 0 0.8358381750784107
1 0 8 5 50 1 0 49 1 34 0 0 0 1 0.5 30 500 500 0.32 0.0 0.333 0.333 0.666 1.0 0 0.8164223094003505
1 0 8 5 51 1 0 50 1 34 1 0 0 1 0.5 30 500 500 0.32 0.0 0.5 1.0 1.0 1.0 0 0.8166496261253149
1 0 8 5 52 1 0 51 1 34 0 0 0 1 0.5 30 500 500 0.32 0.333 0.333 0.666 1.0 0.9999999999999999 0 0.8162103980847787
1 0 8 5 53 1 0 52 1 34 0 0 0 1 0.5 30 500 500 0.32 0.0 0.5 1.0 1.0 1.0 0 0.8273085620768967
1 0 8 5 54 1 0 53 1 34 1 0 0 1 0.5 30 500 500 0.32 0.2 0.4 0.6000000000000001 0.8 1.0 0 0.8285562067735859
1 0 8 5 55 1 0 54 1 34 0 0 0 1 0.5 30 500 500 0.32 0.25 0.5 0.5 0.75 1.0 0 0.8382436538782139
1 0 8 5 56 1 0 55 1 34 0 0 0 1 0.5 30 500 500 0.32 0.25 0.5 0.75 0.75 1.0 0 0.8369098585950078
1 0 8 5 57 1 0 56 1 34 0 0 0 1 0.5 30 500 500 0.32 0.0 0.333 0.666 1.0 0.9999999999999999 0 0.8144953081840204
1 0 8 5 58 1 0 57 1 34 1 0 0 1 0.5 30 500 500 0.32 0.0 0.0 0.333 0.666 1.0 0 0.8166715828646465
1 0 8 5 59 1 0 58 1 34 0 0 0 1 0.5 30 500 500 0.32 0.2 0.4 0.6000000000000001 0.8 1.0 0 0.8156666964065944
1 0 8 5 60 1 0 59 1 34 1 0 0 1 0.5 30 500 500 0.32 0.0 0.0 0.5 0.5 1.0 0 0.8241024404658152
1 0 8 5 61 1 0 60 1 34 0 0 0 1 0.5 30 500 500 0.32 0.333 0.666 1.0 0.9999999999999999 0.9999999999999998 0 0.8171272068008154
1 0 8 5 62 1 0 61 1 34 0 0 0 1 0.5 30 500 500 0.32 0.333 0.666 0.666 0.666 1.0 0 0.8181980084737785
1 0 8 5 63 1 0 62 1 34 1 0 0 1 0.5 30 500 500 0.32 0.333 0.666 0.666 1.0 0.9999999999999999 0 0.8162533523443928
1 0 8 5 64 1 0 63 1 34 1 0 0 1 0.5 30 500 500 0.32 0.0 0.333 0.333 0.666 1.0 0 0.8156591592626393
1 0 8 5 65 1 0 64 1 34 0 0 0 1 0.5 30 500 500 0.32 0.0 0.5 0.5 1.0 1.0 0 0.817959657450375
1 0 8 5 66 1 0 65 1 34 0 0 0 1 0.5 30 500 500 0.32 0.333 0.333 0.333 0.666 1.0 0 0.8171485369189448
1 0 8 5 67 1 0 66 1 34 0 0 0 1 0.5 30 500 500 0.32 0.333 0.666 0.666 0.666 1.0 0 0.8158110447382655
1 0 8 5 68 1 0 67 1 34 1 0 0 1 0.5 30 500 500 0.32 0.25 0.5 0.5 0.75 1.0 0 0.8159678178463342
1 0 8 5 69 1 0 68 1 34 0 0 0 1 0.5 30 500 500 0.32 0.0 0.5 0.5 1.0 1.0 0 0.8173838867644123
1 0 8 5 70 1 0 69 1 34 0 0 0 1 0.5 30 500 500 0.32 0.2 0.4 0.6000000000000001 0.8 1.0 0 0.8144893387606301
1 0 8 5 71 1 0 70 1 34 1 0 0 1 0.5 30 500 500 0.32 0.2 0.4 0.6000000000000001 0.8 1.0 0 0.8134727144139511
1 0 8 5 72 1 0 71 1 34 1 0 0 1 0.5 30 500 500 0.32 0.2 0.4 0.6000000000000001 0.8 1.0 0 0.8177466789483
1 0 8 5 73 1 0 72 1 34 1 0 0 1 0.5 30 500 500 0.32 0.333 0.666 0.666 1.0 0.9999999999999999 0 0.8266505030829627
1 0 8 5 74 1 0 73 1 34 0 0 0 1 0.5 30 500 500 0.32 0.0 0.5 0.5 1.0 1.0 0 0.8155602020234598
1 0 8 5 75 1 0 74 1 34 1 0 0 1 0.5 30 500 500 0.32 0.5 0.5 0.5 1.0 1.0 0 0.8153004632059397
1 0 8 5 76 1 0 75 1 34 0 0 0 1 0.5 30 500 500 0.32 0.333 0.666 1.0 0.9999999999999999 0.9999999999999998 0 0.8169159589096364
1 0 8 5 77 1 0 76 1 34 0 0 0 1 0.5 30 500 500 0.32 0.333 0.666 0.666 0.666 1.0 0 0.8162481577549835
1 0 8 5 78 1 0 77 1 34 1 0 0 1 0.5 30 500 500 0.32 0.5 1.0 1.0 1.0 1.0 0 0.816399505550867
1 0 8 5 79 1 0 78 1 34 0 0 0 1 0.5 30 500 500 0.32 0.0 0.0 0.5 0.5 1.0 0 0.8156768013673894
1 0 8 5 80 1 0 79 1 34 1 0 0 1 0.5 30 500 500 0.32 0.0 0.5 1.0 1.0 1.0 0 0.8145317746049556
1 0 8 5 81 1 0 80 1 34 1 0 0 1 0.5 30 500 500 0.32 1.0 1.0 1.0 1.0 1.0 0 0.8185020150702089
1 0 8 5 82 1 0 81 1 34 0 0 0 1 0.5 30 500 500 0.32 0.0 0.333 0.666 1.0 0.9999999999999999 0 0.8168161219107578
1 0 8 5 83 1 0 82 1 34 0 0 0 1 0.5 30 500 500 0.32 0.25 0.5 0.75 0.75 1.0 0 0.8185347207152437
1 0 8 5 84 1 0 83 1 34 0 0 0 1 0.5 30 500 500 0.32 0.0 0.333 0.666 1.0 0.9999999999999999 0 0.816295275187291
1 0 8 5 85 1 0 84 1 34 0 0 0 1 0.5 30 500 500 0.32 0.0 0.5 0.5 1.0 1.0 0 0.8169683605435931
1 0 8 5 86 1 0 85 1 34 1 0 0 1 0.5 30 500 500 0.32 0.5 0.5 0.5 0.5 1.0 0 0.8162188393740829
1 0 8 5 87 1 0 86 1 34 1 0 0 1 0.5 30 500 500 0.32 0.0 0.25 0.5 0.75 1.0 0 0.826437846778321
1 0 8 5 88 1 0 87 1 34 0 0 0 1 0.5 30 500 500 0.32 0.0 0.333 0.666 0.666 1.0 0 0.8173806104971786
1 0 8 5 89 1 0 88 1 34 0 0 0 1 0.5 30 500 500 0.32 0.0 0.333 0.333 0.666 1.0 0 0.8156121503956971
1 0 8 5 90 1 0 89 1 34 1 0 0 1 0.5 30 500 500 0.32 0.0 1.0 1.0 1.0 1.0 0 0.8145698259346693
1 0 8 5 91 1 0 90 1 34 1 0 0 1 0.5 30 500 500 0.32 0.0 0.5 0.5 0.5 1.0 0 0.8184892448917827
1 0 8 5 92 1 0 91 1 34 1 0 0 1 0.5 30 500 500 0.32 0.333 0.333 0.666 0.666 1.0 0 0.821012100480447
1 0 8 5 93 1 0 92 1 34 1 0 0 1 0.5 30 500 500 0.32 0.333 0.666 0.666 0.666 1.0 0 0.8150466377006523
1 0 8 5 94 1 0 93 1 34 0 0 0 1 0.5 30 500 500 0.32 0.5 1.0 1.0 1.0 1.0 0 0.8163881986648565
1 0 8 5 95 1 0 94 1 34 1 0 0 1 0.5 30 500 500 0.32 0.333 0.666 1.0 0.9999999999999999 0.9999999999999998 0 0.8259918829570551
1 0 8 5 96 1 0 95 1 34 0 0 0 1 0.5 30 500 500 0.32 0.0 0.333 0.333 0.666 1.0 0 0.8168094378298703
1 0 8 5 97 1 0 96 1 34 1 0 0 1 0.5 30 500 500 0.32 0.0 0.0 0.5 1.0 1.0 0 0.813382159138977
1 0 8 5 98 1 0 97 1 34 0 0 0 1 0.5 30 500 500 0.32 0.2 0.4 0.6000000000000001 0.8 1.0 0 0.8170938612411268
1 0 8 5 99 1 0 98 1 34 0 0 0 1 0.5 30 500 500 0.32 0.0 0.0 0.5 0.5 1.0 0 0.8167561019153996
1 0 8 5 100 1 0 99 1 34 1 0 0 1 0.5 30 500 500 0.32 0.5 0.5 1.0 1.0 1.0 0 0.8177557894211557
1 0 8 6 1 1 0 100 1 34 0 0 0 1 0.5 30 500 500 0.32 1.0 1.0 1.0 1.0 1.0 0 0.8099207122852818
1 0 8 6 2 1 0 101 1 34 0 0 0 1 0.5 30 500 500 0.32 1.0 1.0 1.0 1.0 1.0 0 0.9006318320612327
1 0 8 6 3 1 0 102 1 34 0 0 0 1 0.5 30 500 500 0.32 0.0 0.333 0.666 0.666 1.0 0 0.9044885973578297
1 0 8 6 4 1 0 103 1 34 1 0 0 1 0.5 30 500 500 0.32 0.5 0.5 1.0 1.0 1.0 0 0.8950780900341337
1 0 8 6 5 1 0 104 1 34 1 0 0 1 0.5 30 500 500 0.32 1.0 1.0 1.0 1.0 1.0 0 0.8429346232241489
1 0 8 6 6 1 0 105 1 34 0 0 0 1 0.5 30 500 500 0.32 1.0 1.0 1.0 1.0 1.0 0 0.8425520321067258
1 0 8 6 7 1 0 106 1 34 0 0 0 1 0.5 30 500 500 0.32 0.333 0.666 0.666 0.666 1.0 0 0.9125620927120385
1 0 8 6 8 1 0 107 1 34 1 0 0 1 0.5 30 500 500 0.32 0.333 0.666 0.666 1.0 0.9999999999999999 0 0.8649292047441673
1 0 8 6 9 1 0 108 1 34 1 0 0 1 0.5 30 500 500 0.32 0.333 0.333 0.666 0.666 1.0 0 0.8189455430793177
1 0 8 6 10 1 0 109 1 34 1 0 0 1 0.5 30 500 500 0.32 0.5 0.5 1.0 1.0 1.0 0 0.8492768594896626
1 0 8 6 11 1 0 110 1 34 0 0 0 1 0.5 30 500 500 0.32 0.333 0.333 0.666 1.0 0.9999999999999999 0 0.8661307524239988
1 0 8 6 12 1 0 111 1 34 0 0 0 1 0.5 30 500 500 0.32 0.0 0.333 0.333 0.666 1.0 0 0.8692626243397577
1 0 8 6 13 1 0 112 1 34 0 0 0 1 0.5 30 500 500 0.32 0.5 0.5 1.0 1.0 1.0 0 0.8310043625733428
1 0 8 6 14 1 0 113 1 34 0 0 0 1 0.5 30 500 500 0.32 0.0 1.0 1.0 1.0 1.0 0 0.7894437988809615
1 0 8 6 15 1 0 114 1 34 0 0 0 1 0.5 30 500 500 0.32 0.0 0.5 1.0 1.0 1.0 0 0.8331872392582192
1 0 8 6 16 1 0 115 1 34 1 0 0 1 0.5 30 500 500 0.32 0.0 0.333 0.333 0.666 1.0 0 0.8718881316587578
1 0 8 6 17 1 0 116 1 34 0 0 0 1 0.5 30 500 500 0.32 0.0 0.0 0.333 0.666 1.0 0 0.8137003422759463
1 0 8 6 18 1 0 117 1 34 1 0 0 1 0.5 30 500 500 0.32 0.333 0.333 0.666 0.666 1.0 0 0.8210463458232281
1 0 8 6 19 1 0 118 1 34 1 0 0 1 0.5 30 500 500 0.32 0.25 0.5 0.75 1.0 1.0 0 0.8358381750784107
1 0 8 6 20 1 0 119 1 34 1 0 0 1 0.5 30 500 500 0.32 0.0 0.0 1.0 1.0 1.0 0 0.8055096838762545
1 0 8 6 21 1 0 120 1 34 0 0 0 1 0.5 30 500 500 0.32 0.0 0.0 0.5 1.0 1.0 0 0.8137219401616073
1 0 8 6 22 1 0 121 1 34 0 0 0 1 0.5 30 500 500 0.32 0.333 0.333 0.666 0.666 1.0 0 0.8566888452587588
1 0 8 6 23 1 0 122 1 34 0 0 0 1 0.5 30 500 500 0.32 0.0 0.5 0.5 0.5 1.0 0 0.8291140163431212
1 0 8 6 24 1 0 123 1 34 0 0 0 1 0.5 30 500 500 0.32 0.25 0.5 0.75 1.0 1.0 0 0.8369603552569591
1 0 8 6 25 1 0 124 1 34 0 0 0 1 0.5 30 500 500 0.32 0.333 0.333 0.666 1.0 0.9999999999999999 0 0.8299758918275838
1 0 8 6 26 1 0 125 1 34 1 0 0 1 0.5 30 500 500 0.32 0.0 0.333 0.666 1.0 0.9999999999999999 0 0.8296372369804201
1 0 8 6 27 1 0 126 1 34 1 0 0 1 0.5 30 500 500 0.32 0.0 0.333 0.666 0.666 1.0 0 0.8076650751141838
1 0 8 6 28 1 0 127 1 34 0 0 0 1 0.5 30 500 500 0.32 1.0 1.0 1.0 1.0 1.0 0 0.79109588848698
1 0 8 6 29 1 0 128 1 34 1 0 0 1 0.5 30 500 500 0.32 0.333 0.333 0.333 0.666 1.0 0 0.8116397276746218
1 0 8 6 30 1 0 129 1 34 0 0 0 1 0.5 30 500 500 0.32 0.25 0.5 0.5 0.75 1.0 0 0.767719903863221
1 0 8 6 31 1 0 130 1 34 0 0 0 1 0.5 30 500 500 0.32 0.25 0.5 0.75 1.0 1.0 0 0.814071620215165
1 0 8 6 32 1 0 131 1 34 0 0 0 1 0.5 30 500 500 0.32 0.0 0.333 0.666 0.666 1.0 0 0.8371815012803635
1 0 8 6 33 1 0 132 1 34 0 0 0 1 0.5 30 500 500 0.32 0.0 1.0 1.0 1.0 1.0 0 0.8352885860236458
1 0 8 6 34 1 0 133 1 34 1 0 0 1 0.5 30 500 500 0.32 0.333 0.333 0.333 0.666 1.0 0 0.7916742812941986
1 0 8 6 35 1 0 134 1 34 0 0 0 1 0.5 30 500 500 0.32 0.0 0.333 0.666 1.0 0.9999999999999999 0 0.8371417350582429
1 0 8 6 36 1 0 135 1 34 0 0 0 1 0.5 30 500 500 0.32 0.5 0.5 0.5 1.0 1.0 0 0.814424910410933
1 0 8 6 37 1 0 136 1 34 1 0 0 1 0.5 30 500 500 0.32 0.5 1.0 1.0 1.0 1.0 0 0.814248860007018
1 0 8 6 38 1 0 137 1 34 0 0 0 1 0.5 30 500 500 0.32 0.25 0.5 0.75 1.0 1.0 0 0.815628837612785
1 0 8 6 39 1 0 138 1 34 0 0 0 1 0.5 30 500 500 0.32 0.0 0.25 0.5 0.75 1.0 0 0.8145753258709361
1 0 8 6 40 1 0 139 1 34 1 0 0 1 0.5 30 500 500 0.32 0.5 0.5 0.5 1.0 1.0 0 0.8146455920900587
1 0 8 6 41 1 0 140 1 34 0 0 0 1 0.5 30 500 500 0.32 0.25 0.5 0.75 0.75 1.0 0 0.8368779590023732
1 0 8 6 42 1 0 141 1 34 1 0 0 1 0.5 30 500 500 0.32 0.5 1.0 1.0 1.0 1.0 0 0.8149293219896732
1 0 8 6 43 1 0 142 1 34 0 0 0 1 0.5 30 500 500 0.32 0.5 0.5 0.5 0.5 1.0 0 0.835396352441712
1 0 8 6 44 1 0 143 1 34 0 0 0 1 0.5 30 500 500 0.32 0.0 0.333 0.666 0.666 1.0 0 0.8149521535929282
1 0 8 6 45 1 0 144 1 34 1 0 0 1 0.5 30 500 500 0.32 0.25 0.5 0.75 0.75 1.0 0 0.8290904295140347
1 0 8 6 46 1 0 145 1 34 0 0 0 1 0.5 30 500 500 0.32 0.5 1.0 1.0 1.0 1.0 0 0.8149122236380323
1 0 8 6 47 1 0 146 1 34 0 0 0 1 0.5 30 500 500 0.32 0.333 0.333 0.666 0.666 1.0 0 0.8375281527641405
1 0 8 6 48 1 0 147 1 34 1 0 0 1 0.5 30 500 500 0.32 0.0 1.0 1.0 1.0 1.0 0 0.814988945351911
1 0 8 6 49 1 0 148 1 34 0 0 0 1 0.5 30 500 500 0.32 1.0 1.0 1.0 1.0 1.0 0 0.8303840661548071
1 0 8 6 50 1 0 149 1 34 1 0 0 1 0.5 30 500 500 0.32 0.5 0.5 1.0 1.0 1.0 0 0.832120773778954
1 0 8 6 51 1 0 150 1 34 0 0 0 1 0.5 30 500 500 0.32 0.2 0.4 0.6000000000000001 0.8 1.0 0 0.8283917177684764
1 0 8 6 52 1 0 151 1 34 1 0 0 1 0.5 30 500 500 0.32 0.0 0.5 1.0 1.0 1.0 0 0.8154157353943701
1 0 8 6 53 1 0 152 1 34 0 0 0 1 0.5 30 500 500 0.32 0.0 0.333 0.333 0.666 1.0 0 0.8374342825626946
1 0 8 6 54 1 0 153 1 34 0 0 0 1 0.5 30 500 500 0.32 0.5 0.5 1.0 1.0 1.0 0 0.8147294079896519
1 0 8 6 55 1 0 154 1 34 1 0 0 1 0.5 30 500 500 0.32 0.333 0.666 0.666 0.666 1.0 0 0.8373884994988697
1 0 8 6 56 1 0 155 1 34 0 0 0 1 0.5 30 500 500 0.32 0.25 0.5 0.75 0.75 1.0 0 0.8154860819816383
1 0 8 6 57 1 0 156 1 34 1 0 0 1 0.5 30 500 500 0.32 0.0 0.333 0.333 0.666 1.0 0 0.8155169574401391
1 0 8 6 58 1 0 157 1 34 1 0 0 1 0.5 30 500 500 0.32 0.2 0.4 0.6000000000000001 0.8 1.0 0 0.8152322936104708
1 0 8 6 59 1 0 158 1 34 1 0 0 1 0.5 30 500 500 0.32 0.25 0.5 0.75 0.75 1.0 0 0.8303911934509605
1 0 8 6 60 1 0 159 1 34 0 0 0 1 0.5 30 500 500 0.32 0.0 0.5 1.0 1.0 1.0 0 0.7926032267324303
1 0 8 6 61 1 0 160 1 34 0 0 0 1 0.5 30 500 500 0.32 0.0 0.333 0.666 0.666 1.0 0 0.8375670344020316
1 0 8 6 62 1 0 161 1 34 0 0 0 1 0.5 30 500 500 0.32 0.0 0.0 0.5 0.5 1.0 0 0.8349953873874756
1 0 8 6 63 1 0 162 1 34 0 0 0 1 0.5 30 500 500 0.32 0.333 0.666 0.666 1.0 0.9999999999999999 0 0.8154253317242118
1 0 8 6 64 1 0 163 1 34 1 0 0 1 0.5 30 500 500 0.32 0.333 0.333 0.666 0.666 1.0 0 0.8151848033676565
1 0 8 6 65 1 0 164 1 34 1 0 0 1 0.5 30 500 500 0.32 0.5 0.5 0.5 1.0 1.0 0 0.8150471970318671
1 0 8 6 66 1 0 165 1 34 1 0 0 1 0.5 30 500 500 0.32 1.0 1.0 1.0 1.0 1.0 0 0.8151759908848364
1 0 8 6 67 1 0 166 1 34 0 0 0 1 0.5 30 500 500 0.32 0.5 0.5 1.0 1.0 1.0 0 0.8376286491494365
1 0 8 6 68 1 0 167 1 34 1 0 0 1 0.5 30 500 500 0.32 0.0 0.333 0.666 1.0 0.9999999999999999 0 0.815007003017533
1 0 8 6 69 1 0 168 1 34 1 0 0 1 0.5 30 500 500 0.32 0.0 0.0 0.333 0.666 1.0 0 0.8153191160838258
1 0 8 6 70 1 0 169 1 34 0 0 0 1 0.5 30 500 500 0.32 0.5 0.5 1.0 1.0 1.0 0 0.8154614283123872
1 0 8 6 71 1 0 170 1 34 1 0 0 1 0.5 30 500 500 0.32 0.0 0.5 0.5 0.5 1.0 0 0.831384854770876
1 0 8 6 72 1 0 171 1 34 0 0 0 1 0.5 30 500 500 0.32 0.5 0.5 0.5 1.0 1.0 0 0.8154169203408862
1 0 8 6 73 1 0 172 1 34 0 0 0 1 0.5 30 500 500 0.32 0.5 1.0 1.0 1.0 1.0 0 0.8351953808623115
1 0 8 6 74 1 0 173 1 34 1 0 0 1 0.5 30 500 500 0.32 0.5 0.5 1.0 1.0 1.0 0 0.8152646300686597
1 0 8 6 75 1 0 174 1 34 1 0 0 1 0.5 30 500 500 0.32 1.0 1.0 1.0 1.0 1.0 0 0.8153161269130609
1 0 8 6 76 1 0 175 1 34 1 0 0 1 0.5 30 500 500 0.32 0.25 0.25 0.5 0.75 1.0 0 0.8155351752252105
1 0 8 6 77 1 0 176 1 34 0 0 0 1 0.5 30 500 500 0.32 0.333 0.666 0.666 1.0 0.9999999999999999 0 0.8150751028254368
1 0 8 6 78 1 0 177 1 34 1 0 0 1 0.5 30 500 500 0.32 0.0 0.333 0.333 0.666 1.0 0 0.8156586215228331
1 0 8 6 79 1 0 178 1 34 0 0 0 1 0.5 30 500 500 0.32 1.0 1.0 1.0 1.0 1.0 0 0.8154826699070955
1 0 8 6 80 1 0 179 1 34 0 0 0 1 0.5 30 500 500 0.32 0.333 0.666 0.666 0.666 1.0 0 0.8156199991549788
1 0 8 6 81 1 0 180 1 34 1 0 0 1 0.5 30 500 500 0.32 0.333 0.333 0.666 1.0 0.9999999999999999 0 0.8152469051598815
1 0 8 6 82 1 0 181 1 34 0 0 0 1 0.5 30 500 500 0.32 0.5 0.5 0.5 0.5 1.0 0 0.8152475982137278
1 0 8 6 83 1 0 182 1 34 1 0 0 1 0.5 30 500 500 0.32 0.2 0.4 0.6000000000000001 0.8 1.0 0 0.8154730777156063
1 0 8 6 84 1 0 183 1 34 0 0 0 1 0.5 30 500 500 0.32 0.25 0.25 0.5 0.75 1.0 0 0.8153946429521423
1 0 8 6 85 1 0 184 1 34 0 0 0 1 0.5 30 500 500 0.32 0.25 0.5 0.5 0.75 1.0 0 0.8155148585202497
1 0 8 6 86 1 0 185 1 34 1 0 0 1 0.5 30 500 500 0.32 0.333 0.666 0.666 0.666 1.0 0 0.815801529361866
1 0 8 6 87 1 0 186 1 34 0 0 0 1 0.5 30 500 500 0.32 0.5 0.5 0.5 0.5 1.0 0 0.8155937658185818
1 0 8 6 88 1 0 187 1 34 1 0 0 1 0.5 30 500 500 0.32 0.0 0.333 0.666 1.0 0.9999999999999999 0 0.8153042246717034
1 0 8 6 89 1 0 188 1 34 1 0 0 1 0.5 30 500 500 0.32 0.0 0.5 0.5 0.5 1.0 0 0.815688648219762
1 0 8 6 90 1 0 189 1 34 0 0 0 1 0.5 30 500 500 0.32 0.25 0.5 0.75 1.0 1.0 0 0.8155723804121727
1 0 8 6 91 1 0 190 1 34 1 0 0 1 0.5 30 500 500 0.32 0.0 0.333 0.333 0.666 1.0 0 0.8153332109966297
1 0 8 6 92 1 0 191 1 34 0 0 0 1 0.5 30 500 500 0.32 0.25 0.5 0.5 0.75 1.0 0 0.8158400389624489
1 0 8 6 93 1 0 192 1 34 0 0 0 1 0.5 30 500 500 0.32 1.0 1.0 1.0 1.0 1.0 0 0.815553922633237
1 0 8 6 94 1 0 193 1 34 1 0 0 1 0.5 30 500 500 0.32 0.0 0.0 0.0 1.0 1.0 0 0.831800490968525
1 0 8 6 95 1 0 194 1 34 0 0 0 1 0.5 30 500 500 0.32 0.25 0.5 0.5 0.75 1.0 0 0.81533806205119
1 0 8 6 96 1 0 195 1 34 1 0 0 1 0.5 30 500 500 0.32 0.0 0.5 0.5 0.5 1.0 0 0.8156168789924972
1 0 8 6 97 1 0 196 1 34 0 0 0 1 0.5 30 500 500 0.32 0.25 0.5 0.5 0.75 1.0 0 0.8157420174048321
1 0 8 6 98 1 0 197 1 34 1 0 0 1 0.5 30 500 500 0.32 0.5 0.5 0.5 1.0 1.0 0 0.8154880958416686
1 0 8 6 99 1 0 198 1 34 1 0 0 1 0.5 30 500 500 0.32 0.0 0.5 0.5 0.5 1.0 0 0.8156984390491394
1 0 8 6 100 1 0 199 1 34 0 0 0 1 0.5 30 500 500 0.32 0.0 0.5 0.5 0.5 1.0 0 0.8356387140852938
1 0 8 7 1 1 0 200 1 34 0 0 0 1 0.5 30 500 500 0.32 1.0 1.0 1.0 1.0 1.0 0 0.8099207122852818
1 0 8 7 2 1 0 201 1 34 0 0 0 1 0.5 30 500 500 0.32 1.0 1.0 1.0 1.0 1.0 0 0.8022071816920876
1 0 8 7 3 1 0 202 1 34 0 0 0 1 0.5 30 500 500 0.32 1.0 1.0 1.0 1.0 1.0 0 0.8176342428784743
1 0 8 7 4 1 0 203 1 34 0 0 0 1 0.5 30 500 500 0.32 1.0 1.0 1.0 1.0 1.0 0 0.8227765966072702
1 0 8 7 5 1 0 204 1 34 1 0 0 1 0.5 30 500 500 0.32 1.0 1.0 1.0 1.0 1.0 0 0.7829233552091055
1 0 8 7 6 1 0 205 1 34 0 0 0 1 0.5 30 500 500 0.32 1.0 1.0 1.0 1.0 1.0 0 0.8268904795903066
1 0 8 7 7 1 0 206 1 34 0 0 0 1 0.5 30 500 500 0.32 1.0 1.0 1.0 1.0 1.0 0 0.7546404097007305
1 0 8 7 8 1 0 207 1 34 1 0 0 1 0.5 30 500 500 0.32 0.333 0.333 0.666 1.0 0.9999999999999999 0 0.7691491934355463
1 0 8 7 9 1 0 208 1 34 1 0 0 1 0.5 30 500 500 0.32 0.0 0.5 1.0 1.0 1.0 0 0.748212467539736
1 0 8 7 10 1 0 209 1 34 1 0 0 1 0.5 30 500 500 0.32 0.5 0.5 0.5 0.5 1.0 0 0.7212151104635606
1 0 8 7 11 1 0 210 1 34 0 0 0 1 0.5 30 500 500 0.32 1.0 1.0 1.0 1.0 1.0 0 0.8898328892307633
1 0 8 7 12 1 0 211 1 34 0 0 0 1 0.5 30 500 500 0.32 1.0 1.0 1.0 1.0 1.0 0 0.936114072789921
1 0 8 7 13 1 0 212 1 34 0 0 0 1 0.5 30 500 500 0.32 1.0 1.0 1.0 1.0 1.0 0 0.8941524663629509
1 0 8 7 14 1 0 213 1 34 0 0 0 1 0.5 30 500 500 0.32 1.0 1.0 1.0 1.0 1.0 0 0.9146190342035573
1 0 8 7 15 1 0 214 1 34 0 0 0 1 0.5 30 500 500 0.32 1.0 1.0 1.0 1.0 1.0 0 0.8876731006646686
1 0 8 7 16 1 0 215 1 34 0 0 0 1 0.5 30 500 500 0.32 1.0 1.0 1.0 1.0 1.0 0 0.9026064958930908
1 0 8 7 17 1 0 216 1 34 0 0 0 1 0.5 30 500 500 0.32 0.0 0.0 0.0 0.0 1.0 0 0.9212012469764151
1 0 8 7 18 1 0 217 1 34 0 0 0 1 0.5 30 500 500 0.32 0.2 0.4 0.6000000000000001 0.8 1.0 0 0.9094472955963112
1 0 8 7 19 1 0 218 1 34 1 0 0 1 0.5 30 500 500 0.32 0.5 0.5 1.0 1.0 1.0 0 0.8901414304544903
1 0 8 7 20 1 0 219 1 34 0 0 0 1 0.5 30 500 500 0.32 0.0 0.0 0.5 1.0 1.0 0 0.8869188887844456
1 0 8 7 21 1 0 220 1 34 1 0 0 1 0.5 30 500 500 0.32 1.0 1.0 1.0 1.0 1.0 0 0.8941524663629515
1 0 8 7 22 1 0 221 1 34 0 0 0 1 0.5 30 500 500 0.32 0.5 0.5 0.5 1.0 1.0 0 0.9657340302677826
1 0 8 7 23 1 0 222 1 34 1 0 0 1 0.5 30 500 500 0.32 0.333 0.666 1.0 0.9999999999999999 0.9999999999999998 0 0.8774912402816537
1 0 8 7 24 1 0 223 1 34 0 0 0 1 0.5 30 500 500 0.32 0.333 0.333 0.666 1.0 0.9999999999999999 0 0.8787254051765648
1 0 8 7 25 1 0 224 1 34 1 0 0 1 0.5 30 500 500 0.32 0.0 1.0 1.0 1.0 1.0 0 0.84540295301397
1 0 8 7 26 1 0 225 1 34 0 0 0 1 0.5 30 500 500 0.32 0.5 1.0 1.0 1.0 1.0 0 0.8570966653932509
1 0 8 7 27 1 0 226 1 34 0 0 0 1 0.5 30 500 500 0.32 0.0 0.5 1.0 1.0 1.0 0 0.8574874842766396
1 0 8 7 28 1 0 227 1 34 0 0 0 1 0.5 30 500 500 0.32 0.333 0.333 0.333 0.666 1.0 0 0.83890154865685
1 0 8 7 29 1 0 228 1 34 0 0 0 1 0.5 30 500 500 0.32 0.0 0.0 0.5 0.5 1.0 0 0.8339869277360441
1 0 8 7 30 1 0 229 1 34 0 0 0 1 0.5 30 500 500 0.32 0.25 0.5 0.75 0.75 1.0 0 0.8743715456861844
1 0 8 7 31 1 0 230 1 34 1 0 0 1 0.5 30 500 500 0.32 0.0 0.0 0.0 0.0 1.0 0 0.9135905634577982
1 0 8 7 32 1 0 231 1 34 0 0 0 1 0.5 30 500 500 0.32 0.0 0.0 1.0 1.0 1.0 0 0.9481471805153021
1 0 8 7 33 1 0 232 1 34 0 0 0 1 0.5 30 500 500 0.32 0.0 0.0 0.5 0.5 1.0 0 0.9367311552373768
1 0 8 7 34 1 0 233 1 34 0 0 0 1 0.5 30 500 500 0.32 0.333 0.333 0.333 0.666 1.0 0 0.8928154543934643
1 0 8 7 35 1 0 234 1 34 1 0 0 1 0.5 30 500 500 0.32 0.333 0.333 0.333 0.666 1.0 0 0.8688520860172773
1 0 8 7 36 1 0 235 1 34 0 0 0 1 0.5 30 500 500 0.32 0.333 0.666 1.0 0.9999999999999999 0.9999999999999998 0 0.8874262676856864
1 0 8 7 37 1 0 236 1 34 1 0 0 1 0.5 30 500 500 0.32 0.25 0.5 0.75 0.75 1.0 0 0.8482826711020958
1 0 8 7 38 1 0 237 1 34 0 0 0 1 0.5 30 500 500 0.32 0.25 0.5 0.75 0.75 1.0 0 0.8631661120371521
1 0 8 7 39 1 0 238 1 34 0 0 0 1 0.5 30 500 500 0.32 0.0 0.25 0.5 0.75 1.0 0 0.8608300142003564
1 0 8 7 40 1 0 239 1 34 0 0 0 1 0.5 30 500 500 0.32 0.333 0.333 0.666 0.666 1.0 0 0.8412205053145497
1 0 8 7 41 1 0 240 1 34 0 0 0 1 0.5 30 500 500 0.32 1.0 1.0 1.0 1.0 1.0 0 0.9135905634577978
1 0 8 7 42 1 0 241 1 34 0 0 0 1 0.5 30 500 500 0.32 0.0 0.25 0.5 0.75 1.0 0 0.9086539038781545
1 0 8 7 43 1 0 242 1 34 1 0 0 1 0.5 30 500 500 0.32 0.0 0.0 0.0 0.5 1.0 0 0.8813480055782502
1 0 8 7 44 1 0 243 1 34 0 0 0 1 0.5 30 500 500 0.32 0.25 0.5 0.75 1.0 1.0 0 0.8655095560935607
1 0 8 7 45 1 0 244 1 34 1 0 0 1 0.5 30 500 500 0.32 0.0 0.25 0.5 0.75 1.0 0 0.8481026887215876
1 0 8 7 46 1 0 245 1 34 1 0 0 1 0.5 30 500 500 0.32 0.5 0.5 1.0 1.0 1.0 0 0.8568189782918962
1 0 8 7 47 1 0 246 1 34 1 0 0 1 0.5 30 500 500 0.32 0.2 0.4 0.6000000000000001 0.8 1.0 0 0.8837906235994284
1 0 8 7 48 1 0 247 1 34 0 0 0 1 0.5 30 500 500 0.32 0.0 0.25 0.5 0.75 1.0 0 0.8434084543891588
1 0 8 7 49 1 0 248 1 34 0 0 0 1 0.5 30 500 500 0.32 1.0 1.0 1.0 1.0 1.0 0 0.8669237033689788
1 0 8 7 50 1 0 249 1 34 0 0 0 1 0.5 30 500 500 0.32 0.0 0.0 0.333 0.666 1.0 0 0.8459943236927814
1 0 8 7 51 1 0 250 1 34 0 0 0 1 0.5 30 500 500 0.32 1.0 1.0 1.0 1.0 1.0 0 0.9097029440388291
1 0 8 7 52 1 0 251 1 34 1 0 0 1 0.5 30 500 500 0.32 1.0 1.0 1.0 1.0 1.0 0 0.9290176246441842
1 0 8 7 53 1 0 252 1 34 0 0 0 1 0.5 30 500 500 0.32 0.0 0.0 0.5 1.0 1.0 0 0.8932268426917683
1 0 8 7 54 1 0 253 1 34 1 0 0 1 0.5 30 500 500 0.32 0.25 0.5 0.75 0.75 1.0 0 0.8640182735122098
1 0 8 7 55 1 0 254 1 34 1 0 0 1 0.5 30 500 500 0.32 0.0 0.333 0.666 1.0 0.9999999999999999 0 0.8203494056472789
1 0 8 7 56 1 0 255 1 34 0 0 0 1 0.5 30 500 500 0.32 1.0 1.0 1.0 1.0 1.0 0 0.85897876685799
1 0 8 7 57 1 0 256 1 34 1 0 0 1 0.5 30 500 500 0.32 0.0 0.0 0.0 0.5 1.0 0 0.863339482820009
1 0 8 7 58 1 0 257 1 34 0 0 0 1 0.5 30 500 500 0.32 0.0 0.0 0.333 0.666 1.0 0 0.837248649244023
1 0 8 7 59 1 0 258 1 34 0 0 0 1 0.5 30 500 500 0.32 0.333 0.666 0.666 0.666 1.0 0 0.8726162889467554
1 0 8 7 60 1 0 259 1 34 0 0 0 1 0.5 30 500 500 0.32 0.0 0.25 0.5 0.75 1.0 0 0.8462942943269613
1 0 8 7 61 1 0 260 1 34 0 0 0 1 0.5 30 500 500 0.32 0.0 0.333 0.666 0.666 1.0 0 0.9200699291560804
1 0 8 7 62 1 0 261 1 34 0 0 0 1 0.5 30 500 500 0.32 0.0 0.333 0.666 0.666 1.0 0 0.9736018314728395
1 0 8 7 63 1 0 262 1 34 1 0 0 1 0.5 30 500 500 0.32 0.25 0.5 0.75 1.0 1.0 0 0.8325984922292696
1 0 8 7 64 1 0 263 1 34 1 0 0 1 0.5 30 500 500 0.32 0.0 0.0 0.5 1.0 1.0 0 0.882736441085025
1 0 8 7 65 1 0 264 1 34 1 0 0 1 0.5 30 500 500 0.32 0.333 0.333 0.333 0.666 1.0 0 0.9064941153120599
1 0 8 7 66 1 0 265 1 34 1 0 0 1 0.5 30 500 500 0.32 0.0 0.0 0.5 1.0 1.0 0 0.8371957564628124
1 0 8 7 67 1 0 266 1 34 0 0 0 1 0.5 30 500 500 0.32 0.0 0.5 1.0 1.0 1.0 0 0.8599043905291733
1 0 8 7 68 1 0 267 1 34 1 0 0 1 0.5 30 500 500 0.32 0.5 0.5 1.0 1.0 1.0 0 0.8472321616974987
1 0 8 7 69 1 0 268 1 34 1 0 0 1 0.5 30 500 500 0.32 0.5 1.0 1.0 1.0 1.0 0 0.8750229104918321
1 0 8 7 70 1 0 269 1 34 1 0 0 1 0.5 30 500 500 0.32 0.333 0.666 0.666 0.666 1.0 0 0.8248849616360763
1 0 8 7 71 1 0 270 1 34 0 0 0 1 0.5 30 500 500 0.32 0.0 0.333 0.666 0.666 1.0 0 0.9129734810103427
1 0 8 7 72 1 0 271 1 34 1 0 0 1 0.5 30 500 500 0.32 0.5 0.5 0.5 0.5 1.0 0 0.922582336263577
1 0 8 7 73 1 0 272 1 34 1 0 0 1 0.5 30 500 500 0.32 0.5 0.5 0.5 0.5 1.0 0 0.8777116268700306
1 0 8 7 74 1 0 273 1 34 0 0 0 1 0.5 30 500 500 0.32 0.5 0.5 1.0 1.0 1.0 0 0.8808705013034334
1 0 8 7 75 1 0 274 1 34 0 0 0 1 0.5 30 500 500 0.32 0.333 0.333 0.666 1.0 0.9999999999999999 0 0.8430668551771745
1 0 8 7 76 1 0 275 1 34 0 0 0 1 0.5 30 500 500 0.32 0.2 0.4 0.6000000000000001 0.8 1.0 0 0.8822251441999907
1 0 8 7 77 1 0 276 1 34 0 0 0 1 0.5 30 500 500 0.32 0.0 0.5 0.5 1.0 1.0 0 0.848414903055122
1 0 8 7 78 1 0 277 1 34 1 0 0 1 0.5 30 500 500 0.32 0.0 1.0 1.0 1.0 1.0 0 0.8273123624880566
1 0 8 7 79 1 0 278 1 34 0 0 0 1 0.5 30 500 500 0.32 0.0 0.0 0.333 0.666 1.0 0 0.8775353175993292
1 0 8 7 80 1 0 279 1 34 1 0 0 1 0.5 30 500 500 0.32 0.25 0.5 0.5 0.75 1.0 0 0.8424546702094607
1 0 8 7 81 1 0 280 1 34 0 0 0 1 0.5 30 500 500 0.32 0.0 0.0 0.5 1.0 1.0 0 0.9060313034764681
1 0 8 7 82 1 0 281 1 34 1 0 0 1 0.5 30 500 500 0.32 0.0 0.0 0.333 0.666 1.0 0 0.9537394901953682
1 0 8 7 83 1 0 282 1 34 0 0 0 1 0.5 30 500 500 0.32 0.2 0.4 0.6000000000000001 0.8 1.0 0 0.8390392902745857
1 0 8 7 84 1 0 283 1 34 1 0 0 1 0.5 30 500 500 0.32 0.333 0.333 0.666 1.0 0.9999999999999999 0 0.8854618885612867
1 0 8 7 85 1 0 284 1 34 1 0 0 1 0.5 30 500 500 0.32 0.0 0.5 0.5 0.5 1.0 0 0.8649953207206806
1 0 8 7 86 1 0 285 1 34 0 0 0 1 0.5 30 500 500 0.32 0.25 0.25 0.5 0.75 1.0 0 0.8813325785170639
1 0 8 7 87 1 0 286 1 34 0 0 0 1 0.5 30 500 500 0.32 0.333 0.666 0.666 1.0 0.9999999999999999 0 0.8690449242821071
1 0 8 7 88 1 0 287 1 34 1 0 0 1 0.5 30 500 500 0.32 0.333 0.666 0.666 0.666 1.0 0 0.8557225550147205
1 0 8 7 89 1 0 288 1 34 1 0 0 1 0.5 30 500 500 0.32 0.25 0.5 0.75 0.75 1.0 0 0.8762185077337766
1 0 8 7 90 1 0 289 1 34 1 0 0 1 0.5 30 500 500 0.32 0.333 0.666 1.0 0.9999999999999999 0.9999999999999998 0 0.8254249087776
1 0 8 7 91 1 0 290 1 34 1 0 0 1 0.5 30 500 500 0.32 0.0 0.333 0.333 0.666 1.0 0 0.9179101405899855
1 0 8 7 92 1 0 291 1 34 0 0 0 1 0.5 30 500 500 0.32 0.0 0.0 0.333 0.666 1.0 0 0.8892158067833067
1 0 8 7 93 1 0 292 1 34 0 0 0 1 0.5 30 500 500 0.32 0.5 0.5 1.0 1.0 1.0 0 0.900014749613777
1 0 8 7 94 1 0 293 1 34 0 0 0 1 0.5 30 500 500 0.32 0.333 0.666 1.0 0.9999999999999999 0.9999999999999998 0 0.8757428400138629
1 0 8 7 95 1 0 294 1 34 1 0 0 1 0.5 30 500 500 0.32 0.0 0.25 0.5 0.75 1.0 0 0.8494139889224305
1 0 8 7 96 1 0 295 1 34 1 0 0 1 0.5 30 500 500 0.32 1.0 1.0 1.0 1.0 1.0 0 0.8699011261779515
1 0 8 7 97 1 0 296 1 34 0 0 0 1 0.5 30 500 500 0.32 0.0 1.0 1.0 1.0 1.0 0 0.8350153984818033
1 0 8 7 98 1 0 297 1 34 1 0 0 1 0.5 30 500 500 0.32 0.0 0.5 1.0 1.0 1.0 0 0.8651936686502198
1 0 8 7 99 1 0 298 1 34 0 0 0 1 0.5 30 500 500 0.32 0.333 0.333 0.666 1.0 0.9999999999999999 0 0.8130061245225585
1 0 8 7 100 1 0 299 1 34 0 0 0 1 0.5 30 500 500 0.32 0.0 1.0 1.0 1.0 1.0 0 0.8787254051765643
