0expNameNumber 1ferry1 2nLanes 3class 4classInst 5obj 6break_ties 7expNum 8nArrivalScenarios initialArrivalScenSeed triangularDistMutation 9moduloScenarios 10YardPolicyType 11subsetSize 12packObjWeight bigIterations smallIterationsPack smallIterationsYard T0 neighbPar0 neighbPar1 neighbPar2 neighbPar3 neighbPar4 commitIntersectionVMix levelOfVMIRelaxation useFCFSYardPolicy 13averageRevenue firstStageSolutionTime 14commitedVArea 15averagePackedVArea 16commitedUtilisation 17averageUtilisation 18min 19q1 20q2 21q3 22max 23solTime 24recourseRate 25successfulRecoveryRate 26aveRecourseAttempts 27rateInitialSolFeas 28rateInitialSGCKSFeas 29successfulRecoveryRate 30prevExpTime
resultsData=[0 0 8 5 1 1 0 0 1 34 0 0 0 1 0.5 30 500 500 0.32 1.0 1.0 1.0 1.0 1.0 0 0 false 62589.10679869616449412.452735812905 49412.45273581276 501
0 0 8 5 2 1 0 1 1 34 1 0 0 1 0.5 30 500 500 0.32 1.0 1.0 1.0 1.0 1.0 0 0 false 62664.4019647697157789.039961503084 57789.039961502865 363
0 0 8 5 3 1 0 2 1 34 1 0 0 1 0.5 30 500 500 0.32 1.0 1.0 1.0 1.0 1.0 0 0 false 61149.0867475381457243.15000746935 57243.15000746912 330
0 0 8 5 4 1 0 3 1 34 1 0 0 1 0.5 30 500 500 0.32 1.0 1.0 1.0 1.0 1.0 0 0 false 62174.98338529120558203.16337490799 58203.1633749078 332
0 0 8 5 5 1 0 4 1 34 0 0 0 1 0.5 30 500 500 0.32 1.0 1.0 1.0 1.0 1.0 0 0 false 61807.919450682358287.87043674082 58287.8704367406 332
0 0 8 5 6 1 0 5 1 34 1 0 0 1 0.5 30 500 500 0.32 0.333 0.666 0.666 1.0 0.9999999999999999 0 0 false 63013.77153535130558265.658362749105 58265.65836274892 359
0 0 8 5 7 1 0 6 1 34 1 0 0 1 0.5 30 500 500 0.32 0.5 1.0 1.0 1.0 1.0 0 0 false 63448.72661136996657258.836500401354 57258.83650040116 324
0 0 8 5 8 1 0 7 1 34 1 0 0 1 0.5 30 500 500 0.32 0.0 0.333 0.666 1.0 0.9999999999999999 0 0 false 61105.48469983737657835.13904277266 57835.13904277244 319
0 0 8 5 9 1 0 8 1 34 1 0 0 1 0.5 30 500 500 0.32 0.25 0.5 0.75 0.75 1.0 0 0 false 61125.5570081401657379.62249597779 57379.622495977594 362
0 0 8 5 10 1 0 9 1 34 1 0 0 1 0.5 30 500 500 0.32 0.333 0.666 0.666 1.0 0.9999999999999999 0 0 false 61871.71118860583457791.13149389402 57791.13149389385 360
0 0 8 5 11 1 0 10 1 34 0 0 0 1 0.5 30 500 500 0.32 0.5 1.0 1.0 1.0 1.0 0 0 false 61472.1030099939657274.39750138989 57274.397501389714 380
0 0 8 5 12 1 0 11 1 34 1 0 0 1 0.5 30 500 500 0.32 0.0 0.333 0.666 0.666 1.0 0 0 false 61597.8241577434557384.40622811985 57384.40622811969 357
0 0 8 5 13 1 0 12 1 34 1 0 0 1 0.5 30 500 500 0.32 0.0 0.5 1.0 1.0 1.0 0 0 false 61189.87162916137556778.829816682024 56778.82981668186 331
0 0 8 5 14 1 0 13 1 34 0 0 0 1 0.5 30 500 500 0.32 0.5 0.5 0.5 1.0 1.0 0 0 false 61176.2086009981455929.939936451636 55929.93993645145 438
0 0 8 5 15 1 0 14 1 34 0 0 0 1 0.5 30 500 500 0.32 0.5 0.5 0.5 1.0 1.0 0 0 false 61328.6810849841757088.718085216315 57088.71808521612 332
0 0 8 5 16 1 0 15 1 34 1 0 0 1 0.5 30 500 500 0.32 0.2 0.4 0.6000000000000001 0.8 1.0 0 0 false 61252.1156331155856576.03483605707 56576.0348360569 353
0 0 8 5 17 1 0 16 1 34 0 0 0 1 0.5 30 500 500 0.32 0.0 0.333 0.333 0.666 1.0 0 0 false 61714.97698006021556227.84175244538 56227.841752445216 382
0 0 8 5 18 1 0 17 1 34 1 0 0 1 0.5 30 500 500 0.32 0.5 0.5 1.0 1.0 1.0 0 0 false 61092.0617320559756730.34824060291 56730.34824060274 308
0 0 8 5 19 1 0 18 1 34 1 0 0 1 0.5 30 500 500 0.32 0.333 0.666 0.666 0.666 1.0 0 0 false 61033.0066998413256861.44534612391 56861.44534612374 346
0 0 8 5 20 1 0 19 1 34 0 0 0 1 0.5 30 500 500 0.32 0.25 0.25 0.5 0.75 1.0 0 0 false 61812.586290961856507.40569078043 56507.40569078027 339
0 0 8 5 21 1 0 20 1 34 1 0 0 1 0.5 30 500 500 0.32 0.333 0.333 0.666 1.0 0.9999999999999999 0 0 false 61382.6900002815556912.98070423653 56912.98070423635 354
0 0 8 5 22 1 0 21 1 34 0 0 0 1 0.5 30 500 500 0.32 0.2 0.4 0.6000000000000001 0.8 1.0 0 0 false 61722.9562828424556263.54453049113 56263.54453049097 330
0 0 8 5 23 1 0 22 1 34 0 0 0 1 0.5 30 500 500 0.32 1.0 1.0 1.0 1.0 1.0 0 0 false 61135.39671734295656268.74655147323 56268.74655147305 316
0 0 8 5 24 1 0 23 1 34 1 0 0 1 0.5 30 500 500 0.32 0.0 1.0 1.0 1.0 1.0 0 0 false 61091.99265776259656949.370758365476 56949.37075836531 349
0 0 8 5 25 1 0 24 1 34 0 0 0 1 0.5 30 500 500 0.32 0.0 0.333 0.666 1.0 0.9999999999999999 0 0 false 61346.7365584814455859.60133086658 55859.601330866426 367
0 0 8 5 26 1 0 25 1 34 0 0 0 1 0.5 30 500 500 0.32 0.0 0.0 0.333 0.666 1.0 0 0 false 61427.42285844590556043.99919258087 56043.99919258066 351
0 0 8 5 27 1 0 26 1 34 1 0 0 1 0.5 30 500 500 0.32 0.0 0.5 0.5 1.0 1.0 0 0 false 61215.91677659759455308.19789943544 55308.19789943525 338
0 0 8 5 28 1 0 27 1 34 0 0 0 1 0.5 30 500 500 0.32 0.0 0.333 0.666 0.666 1.0 0 0 false 61693.466150400755871.104759016715 55871.104759016554 347
0 0 8 5 29 1 0 28 1 34 0 0 0 1 0.5 30 500 500 0.32 0.0 1.0 1.0 1.0 1.0 0 0 false 61386.7851353343455524.13447487788 55524.13447487769 601
0 0 8 5 30 1 0 29 1 34 0 0 0 1 0.5 30 500 500 0.32 0.0 1.0 1.0 1.0 1.0 0 0 false 61642.54539166482656116.29651877245 56116.296518772244 551
0 0 8 5 31 1 0 30 1 34 1 0 0 1 0.5 30 500 500 0.32 0.333 0.666 0.666 0.666 1.0 0 0 false 61444.9967502075156187.762763004095 56187.76276300393 514
0 0 8 5 32 1 0 31 1 34 1 0 0 1 0.5 30 500 500 0.32 0.0 1.0 1.0 1.0 1.0 0 0 false 61462.3628241766855515.88594931694 55385.882302794766 511
0 0 8 5 33 1 0 32 1 34 1 0 0 1 0.5 30 500 500 0.32 0.0 1.0 1.0 1.0 1.0 0 0 false 61622.6227529230355814.453643396664 55814.453643396475 588
0 0 8 5 34 1 0 33 1 34 1 0 0 1 0.5 30 500 500 0.32 0.0 0.0 0.5 1.0 1.0 0 0 false 61083.6701827985955675.43412541862 55675.43412541843 478
0 0 8 5 35 1 0 34 1 34 0 0 0 1 0.5 30 500 500 0.32 0.0 0.0 0.333 0.666 1.0 0 0 false 61612.1910994269755453.52199446002 55453.521994459865 510
0 0 8 5 36 1 0 35 1 34 1 0 0 1 0.5 30 500 500 0.32 0.0 0.0 0.5 1.0 1.0 0 0 false 61044.1268226675955656.18913476464 55656.18913476444 547
0 0 8 5 37 1 0 36 1 34 0 0 0 1 0.5 30 500 500 0.32 0.333 0.333 0.666 0.666 1.0 0 0 false 61579.4195369728356380.39289620912 55928.62189976725 549
0 0 8 5 38 1 0 37 1 34 1 0 0 1 0.5 30 500 500 0.32 0.0 0.5 1.0 1.0 1.0 0 0 false 61212.3850121510256122.110034864854 56122.11003486469 491
0 0 8 5 39 1 0 38 1 34 1 0 0 1 0.5 30 500 500 0.32 0.5 0.5 1.0 1.0 1.0 0 0 false 61156.021828623955604.202630431275 55604.20263043111 547
0 0 8 5 40 1 0 39 1 34 0 0 0 1 0.5 30 500 500 0.32 0.0 0.333 0.666 1.0 0.9999999999999999 0 0 false 61088.1043460214755843.28366543791 55843.28366543775 532
0 0 8 5 41 1 0 40 1 34 1 0 0 1 0.5 30 500 500 0.32 0.333 0.666 0.666 1.0 0.9999999999999999 0 0 false 61248.09989092497655862.236661679155 55862.23666167899 492
0 0 8 5 42 1 0 41 1 34 1 0 0 1 0.5 30 500 500 0.32 0.25 0.5 0.75 1.0 1.0 0 0 false 61259.91867886086455836.44952303535 55836.44952303518 499
0 0 8 5 43 1 0 42 1 34 1 0 0 1 0.5 30 500 500 0.32 0.0 0.5 0.5 1.0 1.0 0 0 false 61108.6219984237755066.50505352482 55066.50505352464 519
0 0 8 5 44 1 0 43 1 34 0 0 0 1 0.5 30 500 500 0.32 0.333 0.666 0.666 0.666 1.0 0 0 false 61100.1235104869155787.151621650395 55787.15162165021 550
0 0 8 5 45 1 0 44 1 34 0 0 0 1 0.5 30 500 500 0.32 0.5 0.5 0.5 0.5 1.0 0 0 false 61090.2818451087756092.02070713516 56092.020707134994 600
0 0 8 5 46 1 0 45 1 34 0 0 0 1 0.5 30 500 500 0.32 0.333 0.666 1.0 0.9999999999999999 0.9999999999999998 0 0 false 61196.9828392905655254.85565535196 55254.855655351785 494
0 0 8 5 47 1 0 46 1 34 1 0 0 1 0.5 30 500 500 0.32 0.5 1.0 1.0 1.0 1.0 0 0 false 61713.978411724755959.00447189998 55959.00447189982 561
0 0 8 5 48 1 0 47 1 34 0 0 0 1 0.5 30 500 500 0.32 0.333 0.666 0.666 1.0 0.9999999999999999 0 0 false 61170.9825068439855800.73117980054 55800.73117980037 547
0 0 8 5 49 1 0 48 1 34 0 0 0 1 0.5 30 500 500 0.32 1.0 1.0 1.0 1.0 1.0 0 0 false 61232.42124123945555829.796994295764 55745.28601362444 514
0 0 8 5 50 1 0 49 1 34 1 0 0 1 0.5 30 500 500 0.32 0.5 0.5 0.5 1.0 1.0 0 0 false 61452.5370859869956018.76468093361 56018.764680933404 574
0 0 8 5 51 1 0 50 1 34 1 0 0 1 0.5 30 500 500 0.32 0.0 0.333 0.666 1.0 0.9999999999999999 0 0 false 61260.35794396177556317.98324288956 56317.983242889386 547
0 0 8 5 52 1 0 51 1 34 1 0 0 1 0.5 30 500 500 0.32 0.333 0.333 0.666 1.0 0.9999999999999999 0 0 false 61266.9471307650255847.99658280823 55847.996582808046 486
0 0 8 5 53 1 0 52 1 34 0 0 0 1 0.5 30 500 500 0.32 0.0 0.0 0.0 0.0 1.0 0 0 false 61142.3202070959355771.88691772609 55771.88691772592 669
