0expNameNumber 1ferry1 2nLanes 3class 4classInst 5obj 6break_ties 7expNum 8nArrivalScenarios initialArrivalScenSeed triangularDistMutation 9moduloScenarios 10YardPolicyType 11subsetSize 12packObjWeight bigIterations smallIterationsPack smallIterationsYard T0 neighbPar0 neighbPar1 neighbPar2 neighbPar3 neighbPar4 commitIntersectionVMix levelOfVMIRelaxation useFCFSYardPolicy 13averageRevenue firstStageSolutionTime 14commitedVArea 15averagePackedVArea 16commitedUtilisation 17averageUtilisation 18min 19q1 20q2 21q3 22max 23solTime 24recourseRate 25successfulRecoveryRate 26aveRecourseAttempts 27rateInitialSolFeas 28rateInitialSGCKSFeas 29successfulRecoveryRate 30prevExpTime
resultsData=[0 0 1 7 33 1 0 0 1 34 0 0 0 1 0.5 30 500 500 0.32 0.0 0.5 0.5 0.5 1.0 0 0 false 95850.7464117175162702.049547806804 62702.049547806564 718
0 0 2 7 33 1 0 1 1 34 0 0 0 1 0.5 30 500 500 0.32 0.0 0.5 0.5 0.5 1.0 0 0 false 95850.7464117175172979.8397168559 72979.83971685561 469
0 0 3 7 33 1 0 2 1 34 0 0 0 1 0.5 30 500 500 0.32 0.0 0.5 0.5 0.5 1.0 0 0 false 95850.7464117175184405.88116852766 84405.88116852735 416
0 0 4 7 33 1 0 3 1 34 0 0 0 1 0.5 30 500 500 0.32 0.0 0.5 0.5 0.5 1.0 0 0 false 95850.7464117175187417.68781147245 87417.68781147215 457
0 0 5 7 33 1 0 4 1 34 0 0 0 1 0.5 30 500 500 0.32 0.0 0.5 0.5 0.5 1.0 0 0 false 95850.7464117175187756.51605880374 87756.51605880342 471
0 0 6 7 33 1 0 5 1 34 0 0 0 1 0.5 30 500 500 0.32 0.0 0.5 0.5 0.5 1.0 0 0 false 95850.7464117175185874.13690696325 85874.13690696293 409
0 0 7 7 33 1 0 6 1 34 0 0 0 1 0.5 30 500 500 0.32 0.0 0.5 0.5 0.5 1.0 0 0 false 95850.7464117175187756.51605880374 87756.51605880345 541
0 0 8 7 33 1 0 7 1 34 0 0 0 1 0.5 30 500 500 0.32 0.0 0.5 0.5 0.5 1.0 0 0 false 95850.7464117175186645.91235921787 86645.91235921756 448
0 0 9 7 33 1 0 8 1 34 0 0 0 1 0.5 30 500 500 0.32 0.0 0.5 0.5 0.5 1.0 0 0 false 95850.7464117175188095.34430613503 88095.34430613472 592
0 0 10 7 33 1 0 9 1 34 0 0 0 1 0.5 30 500 500 0.32 0.0 0.5 0.5 0.5 1.0 0 0 false 95850.7464117175188509.46771953994 88509.46771953965 658
0 0 11 7 33 1 0 10 1 34 0 0 0 1 0.5 30 500 500 0.32 0.0 0.5 0.5 0.5 1.0 0 0 false 95850.7464117175188452.99634498473 88452.99634498444 508
0 0 12 7 33 1 0 11 1 34 0 0 0 1 0.5 30 500 500 0.32 0.0 0.5 0.5 0.5 1.0 0 0 false 95850.7464117175188603.58667713196 88603.58667713168 684
0 0 13 7 33 1 0 12 1 34 0 0 0 1 0.5 30 500 500 0.32 0.0 0.5 0.5 0.5 1.0 0 0 false 95850.7464117175188697.70563472398 88697.70563472366 701
0 0 14 7 33 1 0 13 1 34 0 0 0 1 0.5 30 500 500 0.32 0.0 0.5 0.5 0.5 1.0 0 0 false 95850.7464117175188170.63947220866 88170.63947220832 552
0 0 15 7 33 1 0 14 1 34 0 0 0 1 0.5 30 500 500 0.32 0.0 0.5 0.5 0.5 1.0 0 0 false 95850.7464117175188603.58667713197 88603.58667713162 594
0 0 16 7 33 1 0 15 1 34 0 0 0 1 0.5 30 500 500 0.32 0.0 0.5 0.5 0.5 1.0 0 0 false 95850.7464117175188754.1770092792 88754.1770092789 763
0 0 17 7 33 1 0 16 1 34 0 0 0 1 0.5 30 500 500 0.32 0.0 0.5 0.5 0.5 1.0 0 0 false 95850.7464117175188302.40601283748 88302.40601283718 672
0 0 18 7 33 1 0 17 1 34 0 0 0 1 0.5 30 500 500 0.32 0.0 0.5 0.5 0.5 1.0 0 0 false 95850.7464117175188754.1770092792 88754.17700927888 654
0 0 19 7 33 1 0 18 1 34 0 0 0 1 0.5 30 500 500 0.32 0.0 0.5 0.5 0.5 1.0 0 0 false 95850.7464117175188452.99634498473 88452.9963449844 683
0 0 20 7 33 1 0 19 1 34 0 0 0 1 0.5 30 500 500 0.32 0.0 0.5 0.5 0.5 1.0 0 0 false 95850.7464117175188302.40601283748 88302.40601283715 701
0 0 21 7 33 1 0 20 1 34 0 0 0 1 0.5 30 500 500 0.32 0.0 0.5 0.5 0.5 1.0 0 0 false 95850.7464117175188452.99634498473 88452.9963449844 741
0 0 22 7 33 1 0 21 1 34 0 0 0 1 0.5 30 500 500 0.32 0.0 0.5 0.5 0.5 1.0 0 0 false 95850.7464117175188452.99634498473 88452.9963449844 753
0 0 23 7 33 1 0 22 1 34 0 0 0 1 0.5 30 500 500 0.32 0.0 0.5 0.5 0.5 1.0 0 0 false 95850.7464117175188603.58667713196 88603.58667713162 828
0 0 24 7 33 1 0 23 1 34 0 0 0 1 0.5 30 500 500 0.32 0.0 0.5 0.5 0.5 1.0 0 0 false 95850.7464117175188754.1770092792 88754.17700927886 818
0 0 25 7 33 1 0 24 1 34 0 0 0 1 0.5 30 500 500 0.32 0.0 0.5 0.5 0.5 1.0 0 0 false 95850.7464117175188302.40601283748 88302.40601283715 839
