0expNameNumber 1ferry1 2nLanes 3class 4classInst 5obj 6break_ties 7expNum 8nArrivalScenarios initialArrivalScenSeed triangularDistMutation 9moduloScenarios 10YardPolicyType 11subsetSize 12packObjWeight bigIterations smallIterationsPack smallIterationsYard T0 neighbPar0 neighbPar1 neighbPar2 neighbPar3 neighbPar4 commitIntersectionVMix 13averageRevenue 14commitedVArea 15averagePackedVArea 16commitedUtilisation 17averageUtilisation 18min 19q1 20q2 21q3 22max 23solTime 24recourseRate 25successfulRecoveryRate 26aveRecourseAttempts 27rateInitialSolFeas 28rateInitialSGCKSFeas 29successfulRecoveryRate 30prevExpTime
resultsData=[1 0 1 7 33 1 0 0 2 34 0 0 0 1 0.5 30 500 500 0.32 0.0 0.0 0.5 0.5 1.0 0 0.9367311552373768
1 0 2 7 33 1 0 1 2 34 0 0 0 1 0.5 30 500 500 0.32 0.0 0.0 0.5 0.5 1.0 0 0.9367311552373768
1 0 3 7 33 1 0 2 2 34 0 0 0 1 0.5 30 500 500 0.32 0.0 0.0 0.5 0.5 1.0 0 0.9367311552373768
1 0 4 7 33 1 0 3 2 34 0 0 0 1 0.5 30 500 500 0.32 0.0 0.0 0.5 0.5 1.0 0 0.9367311552373768
1 0 5 7 33 1 0 4 2 34 0 0 0 1 0.5 30 500 500 0.32 0.0 0.0 0.5 0.5 1.0 0 0.9367311552373768
1 0 6 7 33 1 0 5 2 34 0 0 0 1 0.5 30 500 500 0.32 0.0 0.0 0.5 0.5 1.0 0 0.9367311552373768
1 0 7 7 33 1 0 6 2 34 0 0 0 1 0.5 30 500 500 0.32 0.0 0.0 0.5 0.5 1.0 0 0.9367311552373768
1 0 8 7 33 1 0 7 2 34 0 0 0 1 0.5 30 500 500 0.32 0.0 0.0 0.5 0.5 1.0 0 0.9367311552373768
1 0 9 7 33 1 0 8 2 34 0 0 0 1 0.5 30 500 500 0.32 0.0 0.0 0.5 0.5 1.0 0 0.9367311552373768
1 0 10 7 33 1 0 9 2 34 0 0 0 1 0.5 30 500 500 0.32 0.0 0.0 0.5 0.5 1.0 0 0.9367311552373768
1 0 11 7 33 1 0 10 2 34 0 0 0 1 0.5 30 500 500 0.32 0.0 0.0 0.5 0.5 1.0 0 0.9367311552373768
1 0 12 7 33 1 0 11 2 34 0 0 0 1 0.5 30 500 500 0.32 0.0 0.0 0.5 0.5 1.0 0 0.9367311552373768
1 0 13 7 33 1 0 12 2 34 0 0 0 1 0.5 30 500 500 0.32 0.0 0.0 0.5 0.5 1.0 0 0.9367311552373768
1 0 14 7 33 1 0 13 2 34 0 0 0 1 0.5 30 500 500 0.32 0.0 0.0 0.5 0.5 1.0 0 0.9367311552373768
1 0 15 7 33 1 0 14 2 34 0 0 0 1 0.5 30 500 500 0.32 0.0 0.0 0.5 0.5 1.0 0 0.9367311552373768
1 0 16 7 33 1 0 15 2 34 0 0 0 1 0.5 30 500 500 0.32 0.0 0.0 0.5 0.5 1.0 0 0.9367311552373768
1 0 17 7 33 1 0 16 2 34 0 0 0 1 0.5 30 500 500 0.32 0.0 0.0 0.5 0.5 1.0 0 0.9367311552373768
1 0 18 7 33 1 0 17 2 34 0 0 0 1 0.5 30 500 500 0.32 0.0 0.0 0.5 0.5 1.0 0 0.9367311552373768
1 0 19 7 33 1 0 18 2 34 0 0 0 1 0.5 30 500 500 0.32 0.0 0.0 0.5 0.5 1.0 0 0.9367311552373768
1 0 20 7 33 1 0 19 2 34 0 0 0 1 0.5 30 500 500 0.32 0.0 0.0 0.5 0.5 1.0 0 0.9367311552373768
1 0 21 7 33 1 0 20 2 34 0 0 0 1 0.5 30 500 500 0.32 0.0 0.0 0.5 0.5 1.0 0 0.9367311552373768
1 0 22 7 33 1 0 21 2 34 0 0 0 1 0.5 30 500 500 0.32 0.0 0.0 0.5 0.5 1.0 0 0.9367311552373768
1 0 23 7 33 1 0 22 2 34 0 0 0 1 0.5 30 500 500 0.32 0.0 0.0 0.5 0.5 1.0 0 0.9367311552373768
1 0 24 7 33 1 0 23 2 34 0 0 0 1 0.5 30 500 500 0.32 0.0 0.0 0.5 0.5 1.0 0 0.9367311552373768
1 0 25 7 33 1 0 24 2 34 0 0 0 1 0.5 30 500 500 0.32 0.0 0.0 0.5 0.5 1.0 0 0.9367311552373768
