0expNameNumber 1ferry1 2nLanes 3class 4classInst 5obj 6break_ties 7expNum 8nArrivalScenarios initialArrivalScenSeed triangularDistMutation 9moduloScenarios 10YardPolicyType 11subsetSize 12packObjWeight bigIterations smallIterationsPack smallIterationsYard T0 neighbPar0 neighbPar1 neighbPar2 neighbPar3 neighbPar4 commitIntersectionVMix levelOfVMIRelaxation 13averageRevenue firstStageSolutionTime 14commitedVArea 15averagePackedVArea 16commitedUtilisation 17averageUtilisation 18min 19q1 20q2 21q3 22max 23solTime 24recourseRate 25successfulRecoveryRate 26aveRecourseAttempts 27rateInitialSolFeas 28rateInitialSGCKSFeas 29successfulRecoveryRate copyOfCommitedIntersectionObj expectedRevenue 30prevExpTime
resultsData=[1 0 1 7 33 1 0 1 1 34 0 0 0 1 0.5 30 500 500 0.32 0.0 0.0 0.5 0.5 1.0 0 0 61214.970017852575 53572.51066138041 53572.51066138019 9310
1 0 2 7 33 1 0 2 1 34 0 0 0 1 0.5 30 500 500 0.32 0.0 0.0 0.5 0.5 1.0 0 0 61214.970017852575 55341.947064110456 55341.94706411025 7993
1 0 3 7 33 1 0 3 1 34 0 0 0 1 0.5 30 500 500 0.32 0.0 0.0 0.5 0.5 1.0 0 0 61214.970017852575 56979.61692621169 56979.61692621148 7733
1 0 4 7 33 1 0 4 1 34 0 0 0 1 0.5 30 500 500 0.32 0.0 0.0 0.5 0.5 1.0 0 0 61214.970017852575 58485.52024768409 58485.52024768386 6679
1 0 5 7 33 1 0 5 1 34 0 0 0 1 0.5 30 500 500 0.32 0.0 0.0 0.5 0.5 1.0 0 0 61214.970017852575 56829.02659406446 56829.02659406424 5887
1 0 6 7 33 1 0 6 1 34 0 0 0 1 0.5 30 500 500 0.32 0.0 0.0 0.5 0.5 1.0 0 0 61214.970017852575 58523.16783072091 58523.16783072066 5210
1 0 7 7 33 1 0 7 1 34 0 0 0 1 0.5 30 500 500 0.32 0.0 0.0 0.5 0.5 1.0 0 0 61214.970017852575 58974.93882716262 58974.93882716239 4908
1 0 8 7 33 1 0 8 1 34 0 0 0 1 0.5 30 500 500 0.32 0.0 0.0 0.5 0.5 1.0 0 0 61214.970017852575 59633.77153030679 59633.77153030656 5260
1 0 9 7 33 1 0 9 1 34 0 0 0 1 0.5 30 500 500 0.32 0.0 0.0 0.5 0.5 1.0 0 0 61214.970017852575 59238.47190842029 59238.47190842006 4754
1 0 10 7 33 1 0 10 1 34 0 0 0 1 0.5 30 500 500 0.32 0.0 0.0 0.5 0.5 1.0 0 0 61214.970017852575 58974.93882716262 58974.93882716239 5386
